44519305035556954549429979297614485176196465508121338902655390666785334231041
44519305035556954549429979297614485176196465508121338902655394305069310541825
44519305035556954549429979297614485176196465508121338902655396169841031249921
44519305035556954549429979297614485176196465508121338902655397838899682213889
44519305035556954549429979297614485176196465508121338902655399291354542505985
44519305035556954549429979297614485176196465508121338902655403422219728060417
44519305035556954549429979297614485176196465508121338902655404107215472164865
44519305035556954549429979297614485176196465508121338902655404357904123297793
44519305035556954549429979297614485176196465508121338902655404360103146553345
44519305035556954549429979297614485176196465508121338902655385175824265117697
44519305035556954549429979297614485176196465508121338902655385182421334884353
44519305035556954549429979297614485176196465508121338902655386931744334675969
44519305035556954549429979297614485176196465508121338902655404320520727953409
44519305035556954549429979297614485176196465508121338902655404389789960503297
44519305035556954549429979297614485176196465508121338902655404435969448869889
44519305035556954549429979297614485176196465508121338902655404581104983736321
